85
85
85
85
86
87
89
90
91
91
93
93
94
94
94
94
93
93
93
93
95
96
101
109
118
129
142
155
168
179
187
192
194
193
188
182
173
163
153
142
131
120
111
102
95
88
84
81
79
79
79
81
84
86
90
93
96
99
100
101
101
101
101
100
100
98
96
94
92
91
89
88
87
87
86
86
86
86
87
87
88
89
89
90
91
91
91
92
92
93
93
93
92
93
92
93
94
96
101
109
118
128
141
155
166
177
185
190
192
191
186
179
171
161
150
139
127
117
108
100
92
86
82
79
78
78
80
82
85
89
93
95
99
101
103
104
104
104
103
102
100
98
97
94
92
91
89
88
87
87
86
86
86
87
87
88
88
89
90
91
91
92
92
92
92
92
92
92
92
93
94
98
104
112
122
134
147
159
170
179
184
188
188
184
179
172
163
153
142
131
120
111
102
94
88
83
80
78
78
80
36
25
37
36
38
36
36
38
38
36
37
38
39
49
42
36
37
35
34
32
34
37
40
39
35
35
36
38
39
38
34
35
36
35
35
34
35
39
42
40
38
36
35
34
35
37
38
38
36
37
36
34
35
38
38
39
37
36
36
36
37
37
37
38
37
36
36
36
36
36
37
36
37
37
37
35
37
37
36
36
36
34
30
36
37
39
40
39
38
35
36
40
43
46
41
39
32
32
36
36
42
49
50
49
48
46
40
37
32
32
30
33
33
33
28
25
21
22
21
30
35
42
43
42
44
43
48
48
52
49
49
44
40
34
26
20
15
11
14
20
26
33
38
43
46
53
56
57
56
53
46
40
32
25
16
13
12
18
22
30
40
49
54
52
51
46
43
41
40
40
38
36
32
31
31
31
31
32
32
33
35
35
35
37
37
35
37
36
38
37
36
36
36
38
39
39
38
38
128
128
128
129
127
127
127
128
128
127
127
128
127
128
128
128
128
127
127
127
129
128
129
129
129
129
129
129
128
129
129
129
129
128
128
129
129
127
129
128
128
129
129
127
127
127
129
129
127
127
128
130
128
129
129
127
128
128
127
127
128
128
128
128
129
130
131
132
131
129
127
127
126
125
124
125
124
125
128
129
129
133
133
133
133
128
128
128
127
126
126
126
127
127
128
127
131
130
131
129
128
129
127
126
128
127
130
131
130
130
128
127
126
128
128
127
128
128
128
126
126
127
128
129
127
126
125
125
126
127
129
129
127
129
129
128
127
126
128
130
130
127
127
127
128
133
124
123
125
126
127
126
129
130
129
130
133
133
130
129
128
129
129
132
126
124
123
124
126
129
130
129
131
132
131
128
126
126
123
119
115
114
115
117
121
124
126
130
133
138
144
150
151
147
147
144
139
137
133
130
127
121
118
115
112
110
112
113
114
117
121
124
128
133
138
142
144
147
146
144
143
138
133
129
127
123
117
115
117
118
118
119
120
120
123
126
127
131
131
132
133
134
133
134
132
132
132
130
133
133
129
128
127
126
128
128
127
127
127
127
128
129
129
130
131
131
131
129
130
128
128
126
126
127
129
129
129
129
128
128
129
128
127
128
128
128
126
126
128
130
132
138
145
149
148
146
137
127
118
110
99
91
90
95
104
109
114
124
131
138
143
147
152
157
160
158
158
152
148
138
127
113
104
95
94
97
106
116
123
130
137
142
142
141
139
136
133
131
130
129
128
125
124
123
124
123
124
126
127
152
160
159
158
156
159
161
162
163
166
166
166
166
159
161
159
158
156
156
157
156
159
163
168
171
176
178
175
172
164
153
142
129
121
120
124
131
143
157
168
178
187
195
201
201
196
189
176
158
143
135
127
123
121
125
135
149
163
174
183
187
186
184
180
172
161
153
147
145
144
145
147
153
155
158
161
164
164
164
165
164
164
166
165
164
163
162
160
159
159
156
157
158
160
30
34
37
37
35
35
34
35
33
32
33
36
37
38
38
38
35
41
42
42
42
41
39
36
36
37
41
43
48
47
51
56
56
51
46
43
44
42
36
30
29
30
28
27
25
22
23
23
24
23
23
23
25
26
25
25
24
24
27
29
32
35
39
45
51
51
48
49
51
44
40
35
33
36
41
53
69
77
67
69
55
35
27
21
21
26
33
40
44
47
47
41
30
23
24
26
29
31
31
30
32
31
32
32
32
32
32
31
31
32
31
33
34
35
37
35
35
37
37
35
34
33
31
32
33
35
34
35
37
37
39
48
50
43
37
33
38
44
48
53
52
55
53
52
47
41
39
38
36
33
29
25
24
22
23
24
25
26
29
32
30
28
26
27
29
28
28
30
33
33
32
31
80
80
80
82
85
87
91
94
96
99
100
102
102
102
102
101
100
98
96
94
93
92
90
89
88
88
87
87
87
87
88
88
89
90
90
91
92
92
92
93
93
94
94
94
93
94
93
94
94
97
102
109
118
129
142
156
167
178
186
190
193
191
187
180
171
161
151
140
128
118
109
100
93
87
83
80
79
79
81
83
86
90
94
96
100
102
104
105
105
105
104
103
101
98
97
95
93
92
90
89
88
88
87
87
87
88
88
89
89
90
91
92
92
93
93
93
93
93
93
93
93
94
96
99
106
114
124
136
149
161
172
181
186
190
190
186
181
173
164
154
143
132
121
111
102
95
88
84
81
79
79
81
83
86
89
93
95
98
101
103
105
105
105
104
103
102
100
99
97
95
93
91
90
89
89
88
88
88
88
88
89
90
90
91
92
93
93
94
94
94
94
94
94
94
95
97
101
108
116
127
140
153
166
176
185
193
195
196
193
187
179
170
159
148
137
126
117
108
100
93
88
84
82
81
82
83
85
88
91
95
98
100
102
104
104
105
104
103
102
100
99
97
96
94
92
91
90
89
88
88
88
88
89
90
91
91
92
92
93
93
94
94
94
94
94
93
94
94
96
98
102
109
119
