% -------------------------------------------------------------------
%  Generated by MATLAB on 7-May-2017 17:13:06
%  MATLAB version: 9.1.0.441655 (R2016b)
% -------------------------------------------------------------------
                               

h1 = [0.0040271839704458532 0.0039216512702159242 0.0037118072858773584 ...
      0.0034001239246398787 0.0029903793789088076 0.0024877360345322342 ...
      0.0018988338481206314 0.0012318908116119144 0.0004968007710228952 ...
      -0.00029478203243021693 -0.0011293827279788453 -0.0019916807837922156 ...
      -0.0028645304033038783 -0.0037290353794074645 -0.0045646857532920266 ...
      -0.0053495615089738284 -0.0060606060606031758 -0.0066739695472624256 ...
      -0.0071654190415440279 -0.0075108098147148115 -0.0076866088983305056 ...
      -0.0076704594556278654 -0.007441772037667718 -0.0069823267524611234 ...
      -0.006276868811290001 -0.0053136789103421928 -0.0040850995139182847 ...
      -0.0025879983628628433 -0.00082415145068632438 0.0011994707214177055 ...
      0.0034705276158747407 0.0059712551208930941 0.0086785420489385763 ...
      0.011564141116535774 0.014595014980923823 0.017733813894278118 0.02093947750701582 ...
      0.0241679494418054 0.02737298960105709 0.030507065888115414 0.033522304230406329 ...
      0.036371473590712911 0.039008981121310883 0.041391851814141532 0.043480666964092626 ...
      0.045240436502269755 0.046641381756734053 0.047659607419174452 0.048277644372978545 ...
      0.048484848484841407 0.04827764437297874 0.047659607419174826 0.046641381756734608 ...
      0.045240436502270477 0.043480666964093528 0.04139185181414258 0.03900898112131207 ...
      0.036371473590714215 0.03352230423040773 0.03050706588811691 0.027372989601058651 ...
      0.024167949441807009 0.020939477507017457 0.017733813894279776 0.014595014980925473 ...
      0.011564141116537403 0.0086785420489401671 0.0059712551208946319 ...
      0.0034705276158762156 0.0011994707214191046 -0.00082415145068501314 ...
      -0.0025879983628616255 -0.0040850995139171649 -0.0053136789103411727 ...
      -0.0062768688112890825 -0.006982326752460309 -0.0074417720376670033 ...
      -0.0076704594556272609 -0.0076866088983299913 -0.0075108098147143873 ...
      -0.0071654190415436836 -0.0066739695472621662 -0.0060606060606029823 ...
      -0.0053495615089737061 -0.004564685753291952 -0.0037290353794074359 ...
      -0.0028645304033038852 -0.0019916807837922546 -0.0011293827279789074 ...
      -0.00029478203243028952 0.00049680077102281 0.0012318908116118292 ...
      0.0018988338481205434 0.0024877360345321544 0.0029903793789087326 ...
      0.0034001239246398162 0.0037118072858773146 0.0039216512702158974 ...
      0.0040271839704458428];

h5 = [-0.0040434552986870148 -0.0040678469338997127 -0.004116531987819084 ...
      -0.0041893144229159405 -0.0042859011700123444 -0.0044059033083673821 ...
      -0.0045488376317239839 -0.0047141285940096771 -0.0049011106268578158 ...
      -0.0051090308196162252 -0.005337051951052817 -0.0055842558605499444 ...
      -0.0058496471452131266 -0.0061321571680072479 -0.0064306483607806282 ...
      -0.006743918804850626 -0.0070707070707058074 -0.0074096972973373958 ...
      -0.0077595244907473146 -0.0081187800202970027 -0.0084860172907659567 ...
      -0.0088597575672801129 -0.0092384959296552428 -0.0096207073321793856 ...
      -0.010004852744433784 -0.010389385348424922 -0.010772756767074971 ...
      -0.011153423298989568 -0.011529852134398654 -0.011900527527240102 ...
      -0.012263956898534578 -0.012618676846474037 -0.012963259039024275 ...
      -0.013296315965314061 -0.013616506522651596 -0.013922541416671756 ...
      -0.014213188352869393 -0.014487276998614474 -0.01474370369566849 ...
      -0.014981435904226618 -0.015199516360591053 -0.015397066931734168 ...
      -0.015573292151230281 -0.015727482422318063 -0.015859016875196346 ...
      -0.015967365867047733 -0.016052093114723286 -0.016112857451500963 ...
      -0.016149414200845112 0.98383838383820243 -0.016149414200828303 -0.016112857451492629 ...
      -0.016052093114717749 -0.015967365867043636 -0.015859016875193116 ...
      -0.015727482422315413 -0.015573292151228066 -0.015397066931732284 ...
      -0.0151995163605894 -0.014981435904225179 -0.01474370369566709 -0.01448727699861339 ...
      -0.0142131883528684 -0.013922541416670873 -0.013616506522650831 -0.013296315965313372 ...
      -0.012963259039023655 -0.012618676846473489 -0.01226395689853408 ...
      -0.011900527527239689 -0.011529852134398269 -0.011153423298989263 ...
      -0.010772756767074728 -0.010389385348424674 -0.010004852744433584 ...
      -0.0096207073321792243 -0.009238495929655071 -0.0088597575672799689 ...
      -0.0084860172907658578 -0.0081187800202969247 -0.0077595244907472582 ...
      -0.0074096972973373464 -0.0070707070707058256 -0.00674391880485061 ...
      -0.0064306483607806005 -0.006132157168007241 -0.0058496471452130962 ...
      -0.0055842558605499635 -0.0053370519510528222 -0.0051090308196162148 ...
      -0.0049011106268578289 -0.0047141285940097127 -0.0045488376317240386 ...
      -0.0044059033083674176 -0.0042859011700123522 -0.0041893144229159856 ...
      -0.0041165319878190684 -0.0040678469338997457 -0.0040434552986870253 ...
      ];

